name: interproscan
channels:
  - bioconda
  - defaults
  - conda-forge
dependencies:
  - _libgcc_mutex=0.1=conda_forge
  - _openmp_mutex=4.5=1_gnu
  - alsa-lib=1.2.3=h516909a_0
  - blast=2.10.1=pl526he19e7b1_3
  - bzip2=1.0.8=h7b6447c_0
  - ca-certificates=2021.10.26=h06a4308_2
  - cairo=1.16.0=hf32fb01_1
  - cath-tools=0.16.5=h78a066a_0
  - certifi=2021.5.30=py310h06a4308_0
  - curl=7.71.1=h8f29fe8_2
  - emboss=6.5.7=ha92aebf_5
  - entrez-direct=16.2=he881be0_0
  - fontconfig=2.13.1=h6c09931_0
  - freetype=2.11.0=h70c0345_0
  - giflib=5.2.1=h7b6447c_0
  - glib=2.69.1=h5202010_0
  - graphite2=1.3.14=h23475e2_0
  - harfbuzz=2.8.1=h6f93f22_0
  - hmmer=3.3.2=h1b792b2_1
  - hmmer2=2.3.2=h779adbc_6
  - icu=58.2=he6710b0_3
  - interproscan=5.52_86.0=h779adbc_0
  - jpeg=9d=h7f8727e_0
  - krb5=1.19.2=hac12032_0
  - lcms2=2.12=h3be6417_0
  - ld_impl_linux-64=2.35.1=h7274673_9
  - libcurl=7.71.1=h303737a_2
  - libedit=3.1.20210910=h7f8727e_0
  - libffi=3.3=he6710b0_2
  - libgcc-ng=11.2.0=h1d223b6_11
  - libgfortran-ng=7.5.0=ha8ba4b0_17
  - libgfortran4=7.5.0=ha8ba4b0_17
  - libgomp=11.2.0=h1d223b6_11
  - libpng=1.6.37=hbc83047_0
  - libssh2=1.9.0=h1ba5d50_1
  - libstdcxx-ng=9.3.0=hd4cf53a_17
  - libtiff=4.2.0=h85742a9_0
  - libuuid=1.0.3=h7f8727e_2
  - libwebp-base=1.2.0=h27cfd23_0
  - libxcb=1.14=h7b6447c_0
  - libxml2=2.9.12=h03d6c58_0
  - lz4-c=1.9.3=h295c915_1
  - ncurses=6.3=h7f8727e_2
  - openjdk=11.0.9.1=h5cc2fde_1
  - openssl=1.1.1l=h7f8727e_0
  - pcre=8.45=h295c915_0
  - perl=5.26.2=h14c3975_0
  - perl-archive-tar=2.32=pl526_0
  - perl-carp=1.38=pl526_3
  - perl-common-sense=3.74=pl526_2
  - perl-compress-raw-bzip2=2.087=pl526he1b5a44_0
  - perl-compress-raw-zlib=2.087=pl526hc9558a2_0
  - perl-exporter=5.72=pl526_1
  - perl-exporter-tiny=1.002001=pl526_0
  - perl-extutils-makemaker=7.36=pl526_1
  - perl-io-compress=2.087=pl526he1b5a44_0
  - perl-io-zlib=1.10=pl526_2
  - perl-json=4.02=pl526_0
  - perl-json-xs=2.34=pl526h6bb024c_3
  - perl-list-moreutils=0.428=pl526_1
  - perl-list-moreutils-xs=0.428=pl526_0
  - perl-pathtools=3.75=pl526h14c3975_1
  - perl-scalar-list-utils=1.52=pl526h516909a_0
  - perl-types-serialiser=1.0=pl526_2
  - perl-xsloader=0.24=pl526_0
  - pftools=2.3.5=h4333106_0
  - pip=21.2.4=py310h06a4308_0
  - pixman=0.40.0=h7f8727e_1
  - python=3.10.0=h151d27f_3
  - readline=8.1=h27cfd23_0
  - setuptools=58.0.4=py310h06a4308_0
  - sfld=1.1=h779adbc_1
  - sqlite=3.36.0=hc218d9a_0
  - tk=8.6.11=h1ccaba5_0
  - tzdata=2021e=hda174b7_0
  - wheel=0.37.0=pyhd3eb1b0_1
  - xorg-fixesproto=5.0=h7f98852_1002
  - xorg-inputproto=2.3.2=h7f98852_1002
  - xorg-kbproto=1.0.7=h7f98852_1002
  - xorg-libx11=1.7.2=h7f98852_0
  - xorg-libxext=1.3.4=h7f98852_1
  - xorg-libxfixes=5.0.3=h7f98852_1004
  - xorg-libxi=1.7.10=h7f98852_0
  - xorg-libxrender=0.9.10=h7f98852_1003
  - xorg-libxtst=1.2.3=h7f98852_1002
  - xorg-recordproto=1.14.2=h7f98852_1002
  - xorg-renderproto=0.11.1=h7f98852_1002
  - xorg-xextproto=7.3.0=h7f98852_1002
  - xorg-xproto=7.0.31=h27cfd23_1007
  - xz=5.2.5=h7b6447c_0
  - zlib=1.2.11=h7b6447c_3
  - zstd=1.4.9=haebb681_0
prefix: /home/annaldas/miniconda3/envs/interproscan
